%YAML:1.0
---
model: !!opencv-object-detector-hog
   winSize: [ 64, 128 ]
   blockSize: [ 16, 16 ]
   blockStride: [ 8, 8 ]
   cellSize: [ 8, 8 ]
   nbins: 9
   derivAperture: 1
   winSigma: 4.
   histogramNormType: 0
   L2HysThreshold: 2.0000000000000001e-01
   gammaCorrection: 1
   nlevels: 64
   signedGradient: 0
   SVMDetector: [ 3.42844389e-02, 5.10602165e-03, -5.50023653e-03,
       1.03918426e-02, 5.07351663e-03, -8.31906218e-03, 4.12382651e-03,
       1.88111868e-02, 3.92082632e-02, 2.16574389e-02, 6.31788513e-03,
       2.05506068e-02, 3.30886580e-02, -3.57528939e-03, 1.11346063e-03,
       3.39144748e-03, 1.78633966e-02, 1.46023575e-02, 2.39674635e-02,
       2.43445020e-02, 1.73343420e-02, 2.18820274e-02, 1.70537848e-02,
       -2.94959144e-04, -3.36445263e-03, 4.51468769e-03, 5.29228477e-03,
       6.24206197e-03, 9.88005381e-03, 2.27154046e-02, 1.68292746e-02,
       -7.38702109e-03, 1.22878151e-02, 1.66074317e-02, 3.14059593e-02,
       -2.04136432e-03, 3.74107212e-02, 7.43920775e-03, 1.00063821e-02,
       1.14081353e-02, -1.40777202e-02, -5.70173259e-04, 1.01158107e-02,
       1.60840638e-02, 2.56779026e-02, 2.85412334e-02, 1.34687051e-02,
       1.48682762e-02, 2.16424409e-02, 1.80611573e-02, 4.20070766e-03,
       2.18653120e-02, 2.20374167e-02, 1.87613461e-02, 1.67791545e-02,
       -1.34404125e-02, 3.16861807e-03, -2.51284637e-03, -2.95630358e-02,
       5.22513269e-03, 1.65408980e-02, 2.39110794e-02, 1.08255688e-02,
       -8.19267798e-03, -1.70753822e-02, -4.34289221e-03, 1.65142342e-02,
       -3.70141864e-03, 1.72374246e-03, 9.82248317e-03, 7.21619884e-03,
       -5.76617429e-03, 1.39497807e-02, 3.47440573e-03, 1.26121100e-02,
       8.70143622e-03, 3.00780293e-02, 3.20475884e-02, 4.30482142e-02,
       2.12378055e-02, 1.80913955e-02, 1.99465714e-02, -6.02386147e-03,
       2.46357475e-03, -3.11151519e-03, 1.26066059e-02, 2.11853683e-02,
       1.44160585e-02, 1.85642075e-02, 1.50743779e-02, -1.43110156e-02,
       -2.14290689e-03, 1.82962772e-02, 6.45060884e-03, 1.09808128e-02,
       3.00586671e-02, 2.35683452e-02, -1.68373995e-03, -7.31330318e-03,
       -7.91858882e-03, -4.60364763e-03, -4.57804604e-03,
       -4.87797335e-03, -1.71860270e-02, 2.31238678e-02, 7.71838194e-03,
       1.01179052e-02, -3.37352790e-03, 3.62481922e-02, 1.38279535e-02,
       2.09628362e-02, 1.22341914e-02, 1.60463015e-03, -6.32025581e-03,
       -1.00474944e-02, 6.77271606e-03, 3.05576753e-02, 2.37490572e-02,
       7.00081838e-03, 1.89126544e-02, 5.67268627e-03, -6.83480222e-03,
       1.95150655e-02, 1.48647120e-02, 1.66042559e-02, 3.23038176e-02,
       5.54284826e-03, 1.18283567e-03, -9.73137387e-04, 6.56135206e-04,
       -2.36003809e-02, 2.10250542e-03, 5.84656605e-03, 1.85149368e-02,
       1.30319484e-02, 7.95643404e-03, 1.69874709e-02, 1.36900907e-02,
       2.75634229e-03, -8.06723442e-03, 3.20411511e-02, 4.74381912e-03,
       -3.26937879e-03, 1.29396878e-02, 3.30164582e-02, 1.24652730e-02,
       2.49418281e-02, 1.11757917e-02, 1.68091971e-02, 2.67897323e-02,
       1.90281011e-02, 1.49506796e-02, 3.20215598e-02, 8.32076557e-03,
       -7.90175516e-04, 3.31977708e-03, -1.22826034e-02, -6.46428321e-04,
       6.18250715e-03, 1.24585917e-02, 8.08866695e-03, -5.59507404e-03,
       1.42220864e-02, 1.69544369e-02, 2.40148958e-02, 2.35149208e-02,
       1.07317334e-02, 4.40950617e-02, 6.51906151e-03, -1.29335588e-02,
       1.42531376e-02, 1.67281162e-02, 1.61366519e-02, 6.08455855e-03,
       -2.29992364e-02, -3.52913490e-03, -1.38723655e-02,
       -1.75940003e-02, -5.04003651e-03, 4.56011714e-03, 2.50484198e-02,
       2.28294227e-02, 1.80922709e-02, -7.39203347e-03, 9.63006355e-03,
       7.11855711e-03, 3.57483104e-02, 1.34989973e-02, 9.68400855e-03,
       2.53869798e-02, 3.11076697e-02, 2.00119987e-02, 2.83711241e-03,
       -3.99734490e-02, -2.45653633e-02, 1.33738862e-02, -1.24616839e-03,
       9.48499143e-03, 2.72941049e-02, 3.54948416e-02, 2.13152654e-02,
       -2.49662623e-03, 4.82046325e-03, -1.73457023e-02, 9.36880056e-03,
       3.41004948e-03, -7.15056842e-04, 2.08594091e-02, 2.31274273e-02,
       1.55951604e-02, 1.34520391e-02, -3.04433051e-02, -2.12445669e-02,
       1.11021465e-02, 1.95730049e-02, -2.62466073e-03, 2.09022071e-02,
       3.84046771e-02, 2.27491800e-02, -1.15597956e-02, -3.56705263e-02,
       -2.56747827e-02, -6.17340719e-03, 5.59633772e-04, 2.89477576e-02,
       2.54876912e-02, 2.80425306e-02, 1.12924734e-02, -3.41426209e-02,
       -4.98358198e-02, -3.08220778e-02, -1.54616043e-03,
       -3.82359885e-03, 2.24738084e-02, 2.79941205e-02, 3.70119400e-02,
       3.14802974e-02, -1.00296328e-03, -2.72165029e-03, -9.33879614e-03,
       2.58805975e-02, 3.43046859e-02, 3.59720513e-02, 2.12437194e-02,
       1.53049845e-02, 5.13450569e-03, -2.75534485e-02, -3.52886431e-02,
       -1.94587838e-02, 1.16867051e-02, 2.26989761e-02, 1.31396502e-02,
       4.33196425e-02, 2.67679039e-02, 1.21805649e-02, -1.87879093e-02,
       -4.42990214e-02, -3.08523290e-02, 3.02968873e-03, 1.11273928e-02,
       4.05629799e-02, 2.14469191e-02, -6.45103445e-03, 7.39788450e-03,
       -1.11368094e-02, -3.83358486e-02, -1.23433899e-02,
       -2.36694817e-03, -8.28491524e-03, 3.03155798e-02, 4.18190770e-02,
       2.83777597e-03, 1.66287867e-03, -2.28427630e-02, -2.92407069e-02,
       -1.80202257e-02, 2.97594331e-02, 8.67556874e-03, 3.09557300e-02,
       2.54209712e-02, 1.24421641e-02, 1.15692597e-02, 1.83120333e-02,
       -1.13602858e-02, -1.01532321e-02, 9.87545587e-03, -1.47911767e-02,
       2.33505853e-02, 2.11905912e-02, 3.11753387e-03, 1.39344251e-02,
       4.87457449e-03, -2.90064961e-02, -1.77901110e-03, 9.90256388e-03,
       -1.11477496e-02, 1.66712217e-02, 9.60487407e-03, -3.72590986e-03,
       1.58049576e-02, -2.22978406e-02, -3.00635360e-02, 4.13029594e-03,
       7.34381750e-03, -3.44367465e-03, 1.17568439e-02, 3.76209281e-02,
       2.14502364e-02, 1.84636414e-02, 1.38047244e-02, -1.44955609e-02,
       5.55802695e-03, 1.25871412e-02, 5.57870697e-03, 4.71869633e-02,
       3.25124897e-02, -5.97794401e-03, -3.78930970e-04, -9.60992184e-03,
       -2.93264538e-02, 3.91826266e-03, 2.97812768e-03, 1.43783381e-02,
       4.93740402e-02, 1.57708849e-03, -2.53038667e-03, 2.84983367e-02,
       -2.16060951e-02, -1.20820161e-02, 1.24447895e-02, 1.57155562e-02,
       6.58264710e-03, 5.49356127e-03, -8.50315206e-03, 6.48664776e-03,
       2.36669481e-02, -2.06596181e-02, -1.61655303e-02, -1.90811120e-02,
       2.04274408e-03, 2.02669911e-02, 1.42260676e-03, 2.30691750e-02,
       1.83961131e-02, 3.87781709e-02, 3.94862471e-03, -3.79298627e-03,
       2.19033081e-02, 1.72170997e-02, 1.17081227e-02, 3.94844599e-02,
       1.00340694e-02, 3.42414640e-02, 2.41958704e-02, 6.41928054e-03,
       1.77845601e-02, -9.38528683e-03, 1.13054095e-02, 7.59459101e-03,
       1.24540078e-02, 7.74215488e-03, -3.54025606e-03, 1.33515606e-02,
       -1.45394774e-02, -1.27290338e-02, -1.61639750e-02,
       -9.13318992e-03, -6.71709236e-03, 6.92882109e-03, 1.23477457e-02,
       -5.96602506e-04, 1.18877022e-02, -3.17001925e-03, 9.93771828e-04,
       -2.51940191e-02, -2.51671225e-02, -2.59367619e-02, 1.85309513e-03,
       1.34182966e-03, 2.94347927e-02, 1.45362979e-02, 2.33362848e-03,
       1.15297968e-02, -3.23813874e-03, 2.99608824e-03, -9.15704574e-03,
       3.35601764e-03, -5.10068052e-03, 1.94955599e-02, 1.50447469e-02,
       -1.51608083e-02, 1.00149261e-02, -8.01826082e-03, -1.36745023e-03,
       -2.94078048e-03, 1.17821712e-02, 1.57696344e-02, -1.18284840e-02,
       -6.53862301e-03, -1.28882146e-02, 8.18810798e-03, -1.16684092e-02,
       3.65124242e-06, -1.16247013e-02, 2.28310339e-02, 2.23927256e-02,
       -1.15101309e-02, 4.02555277e-04, 5.01122652e-03, 6.20112894e-03,
       1.31934844e-02, 8.72647297e-03, -6.76832162e-03, 3.69879566e-02,
       4.97175800e-03, 2.23486722e-02, 2.88511999e-02, -3.82260163e-03,
       5.48155187e-03, -2.40906067e-02, 8.46861862e-03, 4.50458424e-03,
